100 100
272653	1488	1968	1815	4113	3404	2532	2071	3699	790	57	2092	1884	2298	181	1663	3287	3802	2844	1362	3769	1055	639	1745	4468	657	2336	663	1357	1953	2260	2748	2496	4061	3930	1749	4034	3964	4876	1556	5000	4770	1492	4978	1926	4094	3617	2090	1122	2643	3849	2768	4011	2516	3529	2618	4676	3611	1995	1214	4165	1475	519	4620	940	3924	2613	3965	1399	4776	4161	3204	1397	4244	4096	1500	1326	2648	4603	858	873	3683	4874	1500	4589	2192	1331	1682	2689	4950	3779	3012	4287	3831	1659	3245	1854	2654	4870	2782	
4832	247914	4299	702	20	4946	3230	2072	4261	1928	500	3542	162	3401	1903	4493	655	1125	278	664	4283	625	792	473	3276	4165	4514	854	1200	3868	3584	2753	2173	35	1609	514	4668	3045	1974	4576	4121	2718	1075	1798	4982	2015	2479	3379	3273	1009	1777	1837	4675	326	1628	4406	3594	4972	4788	759	2769	2147	425	4820	3782	2338	4819	185	3133	3981	4967	3284	2979	3689	2970	2826	4158	1243	2402	3950	491	894	4109	2479	839	243	4204	314	2458	1102	592	1816	3185	3582	3089	2394	395	605	4531	33	
2111	1929	279467	4394	2124	4171	766	2139	2112	4310	730	3927	4573	4946	729	3720	889	4769	4699	630	2997	2521	4679	3426	1368	764	4761	272	2501	4332	4286	4229	2826	4803	2382	3805	2594	4770	3153	3560	566	4872	3077	2957	4231	4685	1967	2232	2463	3104	2543	1944	321	2086	4977	1068	142	4484	2417	2952	2570	4831	3967	4714	406	2017	3435	2106	1343	55	3995	1457	2374	4161	2779	3153	2393	4521	556	2997	2107	4880	3192	546	4296	2773	3517	767	1859	2575	4592	1857	1755	1837	1396	3978	2275	1724	4771	1282	
4537	1409	1795	211129	458	1072	2501	249	1204	3980	4410	1545	892	1768	3663	2420	160	4373	2507	1322	7	1069	2543	339	424	1904	4037	588	921	812	3379	3014	3098	338	2466	1873	2801	4310	394	2983	2022	2176	9	3947	3257	873	3692	4940	3443	104	1565	381	2603	3038	1317	4215	3162	6	3995	3656	4969	441	46	3678	3857	1232	3792	1919	754	780	635	3179	4889	3875	2848	2356	1476	1875	2342	716	584	532	2176	1136	1029	4753	1987	156	3767	168	782	2839	337	2738	1578	3808	3397	3069	1500	193	
3503	3888	1728	3427	244220	1198	1456	4467	652	2118	1398	3211	2775	3578	1007	4556	38	3992	4416	602	4721	4838	3549	3872	3546	3033	3039	870	4216	2710	2654	4856	295	3546	4360	2713	2382	3616	2841	3520	953	986	1971	3890	2119	50	3823	456	3911	2801	1725	1082	3255	1047	3857	3035	4485	1996	2750	2023	3561	4910	31	1843	3746	636	1316	4181	3169	3491	3114	3836	1451	1063	2894	608	474	340	2107	1428	294	3661	290	123	280	3717	137	2153	2568	196	1127	3588	2896	4004	511	403	3768	2540	3099	669	
3859	533	1331	4741	210	231367	2327	917	1143	2727	1441	609	4669	1092	278	413	1462	2886	3766	1361	581	240	769	1580	2365	2215	3381	3095	3641	3148	2310	2483	1110	111	2885	2181	4198	2074	3381	1529	1646	1149	4817	4982	2579	3349	649	1569	608	3179	223	1339	4138	3474	1373	3943	1328	1353	3106	791	1709	2314	3733	3550	1953	4409	1112	2108	3215	2929	1264	1621	3184	820	4868	1539	703	2426	3621	2365	1814	4876	2397	1616	4457	4976	3122	2781	1129	1112	1021	2139	2453	4166	4246	3031	3708	731	1219	1553	
1589	369	4441	3992	1707	917	243446	1121	251	1281	4663	1276	2320	2840	1120	1191	49	1332	4457	2663	1793	1844	335	1868	4343	3802	1220	941	4607	4805	1359	324	321	3961	4096	4443	1848	4664	2562	4574	3566	4915	3042	4235	4118	2593	3559	1216	562	92	3146	2316	3094	719	2736	2481	292	2820	277	832	4866	1406	1020	2077	4937	2547	3508	2396	2991	3172	4741	1597	2520	4296	4044	3036	648	1469	4826	84	172	312	4676	4628	721	24	711	3098	2741	1558	4138	1576	3917	967	2632	3245	3799	397	3678	4741	
433	443	2666	4659	2889	1359	1749	264607	4566	229	4139	4497	4727	322	3328	4952	115	4934	228	80	4192	4086	2706	46	4872	1272	502	803	865	3824	2165	4758	1452	2827	4938	2314	2745	82	190	3185	4976	4217	887	4474	4067	1648	2173	2799	394	2978	1361	866	1055	3749	214	2273	2827	2993	4108	2807	1233	2876	4786	3189	4778	1797	869	3121	2992	2639	1031	1598	198	3897	4641	1108	4168	2324	2539	2378	432	4572	1587	3440	4264	2090	4149	1218	4863	4154	4803	2858	1221	3569	3381	2708	3889	3409	3874	2257	
134	479	351	2748	537	2084	1303	3273	226838	4116	1780	2055	2243	2484	3029	1867	3125	4927	792	1767	3970	130	1346	2867	4359	1190	813	147	947	2142	2545	2136	3507	3786	1326	3604	2743	2252	4721	384	1949	3065	3270	4896	365	1833	2980	754	4773	1810	1911	738	125	1954	4906	290	3166	1996	971	4264	1790	4830	4579	4560	3047	1480	390	828	4482	2455	616	705	3509	1178	1409	3124	3549	629	611	2485	3640	1028	3601	4643	2521	242	3522	895	4065	3748	3766	1285	4780	119	1152	801	987	3449	4461	782	
3704	3638	2652	4741	3055	1969	3854	3660	3690	240896	2496	525	829	2373	1910	4152	1796	730	3179	995	3010	2939	134	3825	1956	82	4239	3746	693	1620	2555	1218	4275	1865	828	2379	3489	4916	2588	3119	2974	1957	2619	4416	3670	4373	2216	4635	576	2042	1196	214	4320	340	2037	1965	4574	1911	4297	1291	2830	1122	873	4582	2041	15	3089	748	549	1004	4549	1741	4496	2802	1837	3713	3930	1524	3148	620	164	2385	606	1486	147	2150	2457	4408	338	4614	885	180	1431	4123	2710	252	4300	2162	2018	3054	
33	489	998	2767	568	788	3414	4045	2905	2593	245835	1329	3847	3393	3545	525	3243	4376	402	2858	3936	622	972	2702	590	991	4620	67	2563	1960	4304	819	3879	1827	1457	3059	486	1757	789	3822	2491	2853	1544	2916	4131	744	4556	4658	3656	3459	3137	412	4272	4184	1166	1151	2237	830	3640	1724	4790	2650	114	3338	3549	2746	3702	1948	2762	1667	4275	3067	2417	776	3624	3460	2199	775	3360	3453	2570	647	4486	2092	1162	205	3250	2210	3899	4783	3372	3150	3692	896	953	3756	1645	1941	2069	2919	
4052	3831	1592	4044	241	4106	3867	202	1219	4941	3780	243650	698	4852	3760	2084	4174	939	881	2028	936	4963	3440	1969	127	2945	733	2992	3062	4613	3612	1390	4069	1681	2330	2866	4124	2091	489	2845	3575	2052	2585	3167	2654	2562	4064	2572	2092	3762	2890	1143	1539	1682	1724	4430	238	2935	773	2510	3296	2466	4718	2472	667	4304	4028	652	58	2178	1036	3021	3099	1034	646	318	2583	2928	4525	1595	149	1172	2214	4562	2270	60	2126	2011	3314	4584	2569	2623	3442	404	2257	437	3687	2606	3324	139	
4100	1089	1305	986	71	937	4012	1290	2998	2143	2528	4657	256795	3015	1964	4446	4216	1185	4577	2586	3393	4501	3955	882	4662	907	4662	2022	4418	377	4803	1837	3440	1510	2586	4997	1755	3695	3370	2213	4241	135	4248	1422	3147	2029	2661	4658	1833	4880	563	955	964	4414	704	1455	3715	3582	3084	354	1130	1530	2152	1268	4800	938	3263	2469	2399	3060	4585	4759	1722	568	1886	1787	4098	3300	4464	678	2409	4707	1524	4917	2963	1171	1003	4054	194	3382	235	3257	3545	2865	2003	1104	1034	1764	1672	2211	
4396	1210	4857	3910	1447	3610	897	1503	4971	2036	2174	1298	3832	222197	998	2592	1078	1739	2138	3400	4289	3459	2621	484	2829	230	2326	719	4528	1190	476	493	4888	4903	2097	2428	26	2628	2763	3786	1541	3567	231	319	1823	4512	238	2868	142	2672	3805	3060	3489	2933	4464	3714	4904	3432	1799	1643	1569	150	59	517	237	1021	3322	4152	1898	800	3289	4317	1570	1107	1018	388	4396	826	2063	3258	2505	3408	3645	4914	1418	196	1548	1555	1600	1329	3206	2107	741	549	2902	179	1017	1562	723	4003	
1567	1732	469	2398	4265	4690	3256	1930	704	1480	4774	1505	4201	4044	243969	3619	3996	2912	2914	2312	3967	663	2276	4728	3459	795	3669	997	1486	3647	1133	1372	4137	3305	1623	2032	3049	2	3608	3679	4963	4248	1006	1745	1012	3724	2227	2142	2744	1408	1394	3448	572	1067	1073	2129	3973	3032	1887	4725	2882	4515	3792	2803	311	4902	94	4144	28	620	3379	2685	1990	644	3341	2275	1868	2247	1681	1764	2548	821	843	2123	359	3989	2372	782	2666	3676	2037	42	127	3760	4811	4849	859	1877	251	4896	
4825	1399	744	4308	3895	1450	3691	4390	448	2303	2963	4307	58	2255	3373	270350	4792	4300	285	2167	4450	2342	2390	4253	3428	1628	2710	1836	4380	3316	1950	3535	208	3925	1824	1682	1696	3418	2225	242	2415	626	4682	4909	3592	3318	4354	1531	1783	1458	2406	3845	2605	2919	2779	2661	600	184	3418	1943	75	2580	1606	2310	4233	3828	1843	4025	936	4270	135	4447	4347	2913	2317	4786	3232	2585	3479	3992	3460	2805	2124	1687	476	3031	3523	1962	4749	4380	3039	3887	2742	3997	3891	4860	332	1861	1200	1097	
4990	1532	4636	1318	4803	3372	1525	160	2961	138	935	1377	2863	270	4082	4342	244053	1270	3735	3549	2658	4288	1244	4702	2246	1167	4502	2289	4458	1664	2167	968	1140	934	1201	4326	3791	2938	2602	569	4059	2559	2928	484	1088	3669	3718	4305	3969	500	247	205	2559	2868	3954	1963	1283	3122	695	2093	4009	1997	2730	24	3425	4170	1861	1104	1071	1061	3251	4396	637	2401	1690	43	1840	706	4952	1312	3744	88	4754	2714	2436	2663	2888	3790	3150	1469	4677	4233	602	1204	1670	4656	4253	2745	1905	1747	
4547	1147	816	34	2409	4256	478	3478	1341	1436	809	1715	3771	4836	1673	4948	3953	244649	3247	1616	3973	2713	2985	60	4533	1052	1254	641	1632	3594	2109	3279	2411	2885	4515	1954	1918	3147	1340	3372	32	500	4489	2411	2088	4350	907	4316	758	2213	2103	2952	2714	3702	3179	3390	3083	2358	2848	3226	866	2927	344	4116	3232	4923	1505	172	4540	3372	4579	1469	2034	427	3295	303	4569	1439	2225	3545	2412	2656	631	3086	3931	3948	1074	4968	514	4362	764	4275	1163	686	4434	139	864	2189	821	3016	
4019	2961	1524	4745	3449	2166	2476	1679	4916	3182	346	1131	3225	3459	720	619	2250	2235	210079	1929	2004	888	651	660	723	552	1532	4155	2844	266	3901	1591	1395	4219	4526	1569	1831	184	1919	2300	2435	2629	3783	1963	4494	533	3897	4694	661	3850	48	3873	2480	3648	1101	870	1650	477	4278	3133	388	396	1825	3616	541	2650	1962	2236	1179	2904	1153	4540	3725	4330	2071	88	660	1607	3027	535	1686	51	648	97	549	1705	345	632	1648	1613	1335	1503	2233	97	3082	4052	3695	2494	463	4506	
244	565	1577	786	4290	1574	3539	4787	913	2833	4453	3911	1748	828	2453	3520	1805	2012	1255	218181	182	1615	696	2323	793	850	800	1705	3162	2798	990	4763	4228	3528	2536	2267	1393	1385	4771	1730	1431	2179	856	1133	4567	3214	3632	2294	3287	1106	1345	2125	2850	4645	2537	1649	2166	415	514	3161	1847	275	2223	2392	4242	41	3014	2993	1204	59	3374	751	1532	1037	627	1825	1695	2440	3912	963	1251	3408	1069	1872	853	1365	1361	4159	2735	2743	4633	1084	484	3678	1633	2632	3918	3472	3866	3051	
2186	4860	213	1913	826	2614	727	1155	3052	2476	1278	1536	1169	3465	4451	508	456	640	464	1999	225757	3604	1276	912	2643	493	4948	956	568	1773	1125	2538	635	4555	2711	4441	2064	3008	3828	3140	3622	1560	1969	2412	4961	3172	3996	2551	754	3374	863	3704	3788	4420	2132	4167	1954	1944	2226	1995	3488	3551	2694	3165	1215	1113	1549	1718	2750	3433	2241	4035	1221	1669	1018	4456	1531	80	4079	835	1442	3670	2902	275	1513	3432	1832	681	955	225	704	2309	3422	1999	1654	1652	887	4078	3431	1824	
1835	2458	2383	3945	1497	3515	4481	2691	695	790	3181	3735	4514	4906	1876	4639	2378	2304	4649	292	1173	240166	2489	922	2562	3197	724	3031	4977	2890	1084	2536	2489	4306	1381	3516	3466	3778	1669	1837	2557	3094	494	708	865	4192	2946	1116	543	2283	2263	4458	3039	2400	2403	2715	84	577	4497	3415	1646	4565	492	3021	1559	19	468	3942	3441	3946	1223	774	2597	3832	4313	3985	3686	2377	1223	4258	1080	4739	993	1874	4819	431	4062	567	3845	459	508	1691	1886	1550	1432	2143	3413	1291	515	263	
3868	402	1734	311	3816	1035	879	1878	1235	1813	612	2778	1581	1158	1799	2853	2072	1331	4339	3751	4219	1514	230508	59	1754	566	2472	3462	3331	2172	3107	1989	3956	4875	587	3719	660	1785	2767	1012	2903	3052	1577	4547	3318	917	3051	2714	1494	2044	1666	1233	1959	2536	3751	1800	2904	2070	2667	2467	3578	4060	1163	786	1818	4526	1725	2894	4026	3816	3266	3017	378	1453	4533	2134	1779	2976	2754	625	4309	481	2194	3911	874	2435	2022	2969	362	3019	2098	3269	2864	4011	12	558	3396	248	2349	2733	
1795	4985	4768	3376	3716	2809	1992	34	3900	1415	1327	2994	2877	1060	1404	4609	146	2476	3540	166	1446	1344	2404	241114	1886	899	158	3519	4164	4980	147	3987	2757	4964	2072	342	3037	2721	1955	4671	3602	969	1592	614	2390	1931	2495	3077	3713	4578	4576	3840	1310	1476	714	3409	2252	2018	1744	199	729	2089	2134	408	3226	2385	2386	1021	1294	4450	678	2165	1251	3192	3245	4284	336	2215	764	3229	4726	2479	3275	4446	3473	1582	2948	4451	3091	1482	4019	2206	2530	1982	814	1605	3193	4391	327	2524	
2037	3303	976	29	1433	290	1159	3117	340	3071	3690	4208	2784	569	724	3520	4287	1335	1049	1234	2209	4057	1942	1154	224944	1036	4717	185	4633	4319	2383	3043	1651	1087	1690	1006	178	1824	2078	3999	552	1629	850	1015	3937	594	1580	911	167	1911	217	815	3864	4096	2346	2509	3765	4899	1160	2380	436	2857	217	1315	2121	2809	4380	1464	3272	4706	153	3204	3029	1519	2308	4417	1752	4416	1211	2009	363	2686	1678	4945	2062	1606	3935	1742	3470	2419	3490	4655	3241	277	4598	1619	2725	2750	2700	3004	
4641	3735	1945	3708	2124	2342	4151	1038	2405	4019	1856	521	2490	75	3213	1768	4493	3413	1124	942	2260	3947	536	2096	2136	218573	2006	4315	1112	1694	3029	849	2967	1601	3653	637	19	202	4028	2199	2896	973	3164	156	1460	3696	329	1893	292	4763	4665	4436	967	4108	2693	2258	3193	3362	256	3076	2763	857	533	455	3913	38	1654	3593	4500	4939	4538	1682	601	3036	2190	1780	3321	2435	2855	87	3347	489	487	3168	1559	727	1375	4618	1164	172	108	1581	989	1263	4173	1438	4055	1975	891	1024	
1182	664	378	2434	416	2018	2863	192	1418	1149	3346	814	1226	2775	4158	322	3836	3666	1255	586	17	1991	1963	2358	4701	2671	238692	2575	1952	4924	325	4688	3512	2459	1731	3788	381	2613	4286	2344	4693	1734	912	4931	712	2229	1421	699	2127	3221	3028	3497	704	2460	3093	712	2877	274	3675	2337	2614	980	1948	4123	2772	4138	4806	314	3824	4637	2436	2965	2155	3750	689	3524	575	3507	2125	1874	4662	4498	3414	847	2858	4803	3177	3026	2324	1304	2041	3893	800	1201	3999	4944	3609	1022	1834	739	
2218	3028	697	1790	3949	1564	1071	1844	3262	1920	3525	1967	4738	263	159	2597	325	2899	4840	1228	3218	2265	1551	4570	2183	2385	3286	231303	199	2167	3840	3487	1785	609	2628	2940	2513	3281	1471	1528	438	669	822	2411	716	3630	2564	2866	3938	750	4273	558	3031	2325	212	3624	1649	829	4563	3162	622	3133	2336	3375	2966	4251	893	2773	3120	205	2331	4450	749	4770	3320	2949	1554	2605	4888	2703	978	4170	1149	1265	2603	459	3665	7	3839	3573	2219	46	254	447	3161	4914	4882	2019	565	3731	
4411	680	2883	1641	4292	2127	2730	1637	4582	2237	3481	82	171	2400	1475	748	606	3845	1966	1832	4305	4385	289	4524	4535	2678	2108	80	234721	1561	4660	1566	89	1250	615	1061	4843	3532	3173	2076	1654	1309	4647	445	2231	2032	1436	344	776	1697	2266	1906	3351	3312	2979	469	41	1058	4296	4474	1243	3413	2529	2572	3921	2731	4038	2599	3699	4360	640	1177	764	2343	1787	2856	4316	2009	1856	3540	217	3664	2206	2197	4962	1060	833	2832	644	4395	870	3927	8	4926	3701	1359	3581	4674	2688	838	
3066	2876	1299	3628	2199	4361	1021	3841	36	1397	3734	3832	1097	1434	985	4370	2336	1219	2876	4342	3585	1929	693	2895	916	1878	2880	310	3500	248834	4894	1754	2138	232	960	198	4615	124	2260	1858	2750	4378	2175	3028	649	2662	524	4784	659	4198	2236	3269	3934	2171	4726	3835	1398	4627	1105	3426	1478	2373	4472	3788	4321	1628	69	2734	1731	1128	4209	2290	1730	3025	2458	1249	2239	3742	2070	1191	3793	3829	3912	4503	4060	139	1649	2290	334	3654	128	4178	3682	3681	1797	2307	1705	3456	4250	324	
637	2605	1059	2450	3232	1762	4504	4158	4301	336	4592	3272	2588	2991	849	2404	2468	1279	3933	2340	1356	95	806	422	810	1555	502	1839	3360	1691	226681	3672	2948	4058	3027	1577	495	4597	640	2963	3097	1845	1386	3706	4339	758	630	2946	4956	3616	2307	1153	1776	1901	4171	22	1925	2533	2474	1609	344	2431	2455	1259	4184	961	4657	3071	2673	3961	603	2721	2725	3636	1235	493	557	3016	480	2651	694	2838	1826	1130	890	4914	3126	1923	1692	4117	1162	2768	4624	1354	926	2108	4393	2520	444	2796	
901	4640	465	1263	111	2583	3948	170	4204	3542	30	815	1680	1672	2499	3830	1674	92	752	76	2069	4780	501	3396	152	333	3365	1324	1992	2216	4212	229559	3300	3232	2545	4197	553	4293	3124	2896	2991	1232	785	580	4980	4352	893	2742	4088	3516	4768	50	617	2266	988	734	2864	3056	1366	4553	3227	1729	3042	4501	1668	2530	4964	3748	4410	877	3388	2991	542	4565	1657	100	489	540	2369	1049	4540	850	4767	188	496	822	1375	2252	4608	562	1159	2990	2179	4778	4502	81	2022	2141	4321	2147	
2105	952	2083	7	2465	447	4501	3606	4239	1941	6	3863	1422	3949	517	4378	467	2898	901	1281	1984	2316	1920	3904	761	1053	3255	3323	4594	4563	785	2706	234694	4102	1418	4889	816	4828	2509	3643	4558	3995	1213	2688	4575	3183	1961	2588	1584	212	903	1378	3040	1831	4162	113	3715	1208	3918	2501	1601	2410	771	1513	2014	1414	3552	1044	2403	4853	4051	3298	4838	877	3886	2029	285	646	2611	2563	504	989	436	3033	2272	3809	1340	2208	4154	172	2666	47	3401	652	1496	3505	2539	4946	2206	505	
2179	4482	4900	1203	4607	501	4712	2245	4058	4715	4461	3126	4484	1653	4581	893	1160	2002	3783	1861	255	2145	1700	4783	3412	2143	3119	3625	4063	3792	1588	3302	2614	255820	2707	2070	1225	2281	1404	1160	3380	4422	3604	3645	3611	132	2209	4302	2632	3588	4227	1825	2489	3990	1476	3535	2656	4323	977	666	1707	249	2465	3093	2093	2295	294	1156	1580	2138	4929	1295	1653	3919	779	4033	3036	4161	985	4533	1065	2558	583	2627	231	4613	4009	1751	215	290	1742	3426	1189	885	3862	998	1520	4000	2357	4260	
1464	1424	2280	4329	2563	2478	2432	280	3513	3606	1292	4249	2817	3559	2100	2571	2923	2188	4036	4573	3312	2722	29	4556	3294	468	3594	4528	2712	2884	3769	2727	3965	4067	267811	1102	176	3954	811	3925	4161	3673	2843	1346	3466	1360	3737	1577	2300	2556	2852	4075	1154	2189	95	4477	4406	3574	4966	3659	1699	740	1274	4515	2772	1658	386	2686	3307	92	4413	4277	3628	3	838	2881	2266	2545	4559	4574	4002	4133	9	4792	2167	4377	3067	4695	3742	2442	73	295	1499	16	1791	2059	4403	3366	246	3778	
2756	524	301	4498	3929	2508	1500	2837	2691	2121	1038	2569	429	2999	1621	4885	3990	4559	3018	4489	1116	4121	4804	500	1575	511	4113	4404	979	1023	443	1538	235	2234	1253	242592	2682	2067	4846	2126	2963	4682	2589	2115	653	41	1518	2209	711	1430	891	4219	4178	3859	3303	35	2838	1611	2207	1144	4685	733	3090	2284	2208	1789	4146	2137	4798	3834	1915	1357	2220	474	2196	3075	506	2117	2324	2084	2866	504	2271	2022	2870	3944	2969	1588	3186	3354	1914	1878	3304	2872	1322	4802	3819	4183	3270	1363	
3558	1159	2004	4761	1581	3794	3556	857	1420	4281	3224	3991	2975	2947	150	4881	1042	4327	2762	2005	4730	3133	3713	2822	2451	3248	2068	1499	2196	3990	321	1305	72	2203	433	2338	255859	130	2237	1413	3731	1398	1122	3800	2774	1744	2159	4788	4836	2538	2132	600	3262	1228	1029	2968	576	4708	2743	2783	915	907	4403	1147	517	22	1313	4945	3407	1786	1214	4544	3999	2068	4481	2617	2679	3303	3874	2583	462	4303	4316	3076	3790	2502	4158	1853	3958	3837	92	4919	2768	1982	1491	2850	1669	783	4780	3668	
3656	3954	3104	57	3224	2554	22	706	2858	848	2208	1347	263	1319	1349	4834	1074	2477	267	2861	4477	3187	3578	4402	1995	2687	2737	4453	3673	2784	1459	3222	2345	1945	2930	3841	1935	260725	2720	258	2160	1027	4249	1312	1647	90	749	3737	3018	3487	2236	1614	1844	4582	4227	4121	4821	2541	3398	1772	1199	4127	3534	780	3370	3424	357	94	1258	2610	4648	393	3647	2303	4493	4412	4854	320	3828	1273	2814	3525	4282	354	1373	3046	1316	2194	3916	3953	4442	3936	2288	1653	4212	3216	3147	3943	4689	3026	
2387	2763	2293	4927	1833	1029	4306	4201	188	2680	155	3626	4030	703	797	4096	2903	642	2383	3135	1170	2756	940	3384	581	938	2190	3793	1236	1406	405	1229	2648	4973	4776	4069	3748	3677	252719	4774	1857	2652	858	4445	3290	2717	813	3401	2946	3172	4292	616	4917	1059	2605	3636	2013	3526	2723	3239	4718	3837	1625	2765	1667	255	3400	3258	1802	1839	694	3539	829	1146	2552	1001	4827	2918	3537	4907	4775	4634	1626	771	479	1633	2092	453	3119	3000	1556	3675	4351	1611	1575	4548	4667	1667	1031	1558	
3689	4459	2044	2913	1440	3347	646	798	927	2012	2281	800	28	1068	2762	4434	1854	133	3930	3978	3805	3378	3761	2452	112	3529	4188	1801	4703	2695	2090	3266	3019	3368	1980	1927	1394	942	3803	247142	2024	285	3302	3808	946	1716	2100	1061	28	4566	4518	3827	1270	3482	4897	2778	3426	2439	275	2525	2665	3868	3723	4068	2615	4983	1142	4622	156	3821	4480	397	3300	1450	1960	4970	4833	2857	63	338	200	2525	969	1233	1082	2569	1012	862	2699	4077	282	799	40	1682	4098	4351	4516	1377	4812	3884	
3860	3910	1156	4310	3621	1571	3790	3638	4594	3970	867	3347	1250	26	3963	2970	1105	1935	252	4303	2789	2067	4833	3479	3380	1369	2942	1424	516	1971	139	379	404	1338	568	1921	3833	3527	1736	2476	228868	3808	1449	863	1810	2669	2659	3593	2570	1611	1246	397	535	152	889	1269	2605	4664	3240	4529	2782	776	2222	315	1586	2737	3244	373	1234	3624	616	1925	1974	2091	841	3359	4192	3406	321	3731	2312	2062	885	601	3688	3894	3890	2650	4931	4809	1232	4833	1538	2991	259	978	968	1779	2967	3202	
103	3284	2652	3504	2329	43	3026	466	2156	3612	2087	2330	3920	1329	4847	1066	1986	43	3379	1645	942	1010	1949	433	2384	2863	3626	202	3780	4800	2313	4177	2864	748	4708	1509	3494	2623	1317	976	1982	236088	1571	1109	427	650	2604	2640	4916	4400	3540	3359	1286	1748	4215	4119	3440	2529	1340	1363	2016	175	2116	2921	4996	2680	3825	1852	300	4065	2281	1145	862	4786	957	2868	1625	2	4117	2563	2878	653	3735	671	4979	3703	2343	2846	1507	2013	2057	1683	3803	2250	1997	4826	125	327	3915	4918	
410	1799	2975	4158	204	266	374	952	674	864	906	540	2720	913	193	309	3334	2826	1669	491	367	923	2376	3396	4565	2407	2071	3908	1626	2291	1297	2707	4322	4762	2551	2358	3400	2008	1821	4248	3567	1222	239840	4898	3810	805	4325	1777	3261	1575	4088	3400	2485	4522	2466	4277	861	230	1776	3344	1020	594	4699	2225	363	3394	112	2785	2523	379	2475	4957	4126	26	4365	4734	1428	2682	4409	2356	42	604	1985	1540	78	4892	438	3719	3781	1273	3272	4309	2881	4077	4722	4866	2461	4638	4090	1640	
1627	4709	3616	4125	1241	2733	3661	4999	606	174	3901	941	3483	2610	1536	111	1272	2535	4581	1121	548	895	280	1604	4930	4468	2142	3725	2376	3640	3406	2586	1217	1140	3	2274	4934	1303	711	341	4520	2569	362	260062	4530	721	4940	706	3948	2540	2287	4195	1218	2655	4776	2491	4103	3615	2375	3515	4700	4814	3004	679	1014	937	2197	1540	2527	3664	1622	104	1635	1509	2064	4362	4189	641	4885	4612	4667	2347	1123	3965	376	1618	2527	2860	4320	2949	2707	4490	1857	4081	4387	672	2185	3787	1469	4601	
4706	4247	3520	3329	3557	4289	3614	1942	1302	737	3388	2813	4740	52	2761	4768	1508	1584	4789	1599	950	2328	3373	2453	4104	561	1780	4244	3417	660	964	1915	1689	3990	93	2679	2184	20	2565	784	2540	3650	2953	454	247456	3334	4586	947	399	89	1612	3986	3575	1190	1475	4281	2295	414	967	2771	1008	3714	4001	2785	2595	4795	3286	3282	4786	3471	3340	272	2942	1292	2107	1838	4363	530	3086	1231	3433	1172	4602	4463	3229	1328	1526	4632	2887	2999	1523	1790	4309	1927	773	2060	1608	71	531	2195	
3389	3994	2772	871	4846	1007	939	3733	3778	1792	4924	1586	2595	379	319	470	694	190	2677	4241	1865	1950	2976	3764	3584	2161	1112	4595	208	4729	3587	1169	4767	3828	101	3053	3955	2179	2256	4835	43	696	869	4062	4931	244600	4652	2533	4900	2039	3720	3852	4115	4633	1951	853	1080	1400	2793	4094	1011	2419	1935	1116	1074	335	1438	1136	1037	160	3195	3001	2246	2634	4633	1251	3091	3480	1744	1950	2294	2333	857	826	1823	2153	560	4377	4959	1750	2697	341	1697	2755	4382	2109	4213	3225	303	4986	
2460	1805	843	782	3691	3653	4567	4055	2017	2143	1765	873	3003	2806	462	2530	2771	4349	4706	353	3668	2665	111	2593	546	1859	225	4451	839	99	393	2242	4656	475	4385	4891	1898	4387	3663	1692	3327	3464	3136	3916	1373	1387	249027	2412	4809	2567	782	1724	3800	3723	4500	2257	902	2889	4783	4302	754	3141	2276	4392	2426	2730	1261	4503	3067	586	4554	1689	2628	1669	3611	393	3731	2820	1405	2233	1920	1885	1739	595	1697	2386	4431	2982	4477	4437	2169	3590	741	191	1159	3469	632	2170	1630	2418	
3150	1427	2280	1583	1663	3020	894	3775	2317	2504	1463	3759	4847	1657	3786	1533	152	3471	3649	1726	2511	3833	4751	100	1800	1441	2427	1512	1971	595	2749	4436	4547	134	4288	2757	2242	4214	2016	1695	4123	2657	2591	377	1008	1665	1923	251139	3405	4145	537	3764	149	3212	3688	1847	1915	4434	1103	4946	2507	4076	2361	4982	1107	50	2667	2139	2308	3987	4498	4247	2589	3917	2666	3244	4578	965	4405	914	2681	2234	889	445	4829	141	629	472	4982	4603	4084	4665	601	2422	1467	3175	892	713	1376	4970	
4333	4811	2420	690	371	1509	906	1298	3637	2887	2744	2598	2882	2376	2902	3131	4593	1461	1549	614	4649	4732	1210	951	211	1945	394	2831	3951	2937	88	4265	1389	2357	2581	2205	1574	3545	4471	2322	3025	3958	2781	597	3665	4868	1650	2029	232849	2748	145	2769	3245	493	3656	1324	899	2157	2191	1927	1245	3195	4810	1888	2148	1570	1109	2442	2284	2721	4625	4645	4254	4977	308	1351	3367	2358	1845	2355	689	546	3904	2665	2848	4374	1078	2150	55	4610	3698	366	1252	311	1727	2479	346	1666	2390	1440	
38	2388	574	2137	596	4945	3212	461	2306	382	1142	941	2261	670	4107	191	1451	54	4470	2575	137	1823	546	2748	3366	1532	1663	1223	3087	2293	4061	1167	1052	484	3401	4753	3691	2670	4870	1526	1716	4059	1302	4628	4933	2673	3057	4930	4031	226456	2229	54	4200	53	3855	602	1730	388	617	2151	2540	139	4789	3288	1831	2831	3824	2450	780	4623	4146	4002	348	1399	4261	3568	3136	2612	780	2858	4778	4454	2934	356	900	4829	3539	2383	1399	1061	926	1535	1471	628	4795	1394	1485	374	2740	1270	
1397	2086	1999	4810	3402	528	1594	1223	2438	2508	4393	2416	4334	4526	4263	2560	3957	4876	3299	707	2183	3392	3405	32	2713	2383	4794	3773	2184	3641	2916	3332	3983	2305	2109	2796	4757	4159	4517	1603	3471	3124	970	3971	3089	1870	4608	1290	4922	3197	246299	2887	337	1269	207	537	1931	1069	4288	106	2007	1583	2296	3532	971	3497	1949	3739	279	1196	1655	4795	235	4491	2447	4819	1813	229	930	1715	1485	4295	1382	3161	1333	2004	3659	2026	923	1086	3269	4768	3249	2202	698	79	1463	918	15	340	
47	4054	4040	1432	3490	376	175	3649	4329	2933	3669	2313	3094	873	3927	2700	4323	2492	2962	1788	1019	34	3826	4063	2424	4688	344	3956	1861	792	826	1	589	4111	2343	2153	668	516	371	4380	373	3964	4600	2647	3099	4908	534	2365	979	4751	260	237434	1913	321	231	1760	259	50	866	2763	1396	311	4927	1513	2649	2325	1341	4750	1497	3919	1971	2324	1128	1891	675	2282	2149	2112	1723	2182	3885	3683	4568	232	1135	2554	3851	249	3930	4416	1537	4109	4899	3706	3885	1133	3420	4241	2057	3719	
3537	3329	2702	3025	4764	402	1256	4636	3724	1933	2341	4102	4841	1545	4542	1747	4044	1078	3775	4389	4829	4033	4036	3913	36	3410	4757	4275	4844	3827	1316	173	2180	4690	4084	2884	896	3304	4804	900	4672	3091	2724	4773	2632	2944	3480	2198	1064	1741	3418	961	274900	807	4149	1407	2302	1127	1695	1053	2010	4634	3886	767	3419	1521	358	3532	3892	62	498	3346	1906	4737	2002	4	2488	3146	2619	2129	3755	4663	1685	911	4959	3456	1137	4135	2257	4529	1570	3507	294	2568	1942	4933	3844	2240	92	762	
1264	1957	1616	2023	168	832	324	298	1090	4229	2306	2629	972	396	736	4878	2518	821	66	2418	4365	560	2278	2835	3217	1955	4532	952	113	2837	109	61	3045	3155	3846	290	2572	3536	1101	3088	4871	4467	3059	3632	2173	1531	4290	430	2265	166	2248	2655	2618	233005	509	4935	1817	3940	882	2647	1712	2505	2722	3845	2945	176	285	4819	1756	4281	4299	2732	3405	3410	2270	2852	4646	4398	2091	2064	3368	2803	331	4559	3840	891	1204	2631	280	4787	4317	3850	963	1403	2338	3154	1125	2430	3669	595	
4266	4931	2606	2752	3790	4034	2508	3545	3509	1291	2140	3971	4748	3467	4369	3385	3223	2760	870	673	308	1416	1112	10	1320	4501	1086	2565	2497	4444	1373	913	1172	4925	271	4131	4568	1669	981	46	4483	3779	693	1736	1771	944	1829	2165	1023	4626	1496	743	2287	2563	239905	4350	3001	4965	2118	1973	654	3097	3182	4077	1916	1905	2566	4246	733	3994	4536	2235	3352	1629	565	3405	1791	208	4813	11	864	2113	1101	4217	816	2619	2528	638	125	1932	2377	4274	3402	390	1287	8	3769	4477	250	704	
3724	4344	4662	3304	4268	4419	597	1188	302	820	66	4884	899	117	1491	3861	4711	3329	662	1491	1340	2114	2064	1525	535	675	2521	865	1835	522	1180	4737	2501	640	3022	1990	3680	2155	2349	4221	858	4692	2275	4215	414	2269	498	4909	2003	1557	1410	4531	1430	2119	2938	234295	523	3959	3355	3192	1282	2191	3163	42	1400	3690	3153	2572	4170	1351	4476	4102	153	1623	232	4284	1531	3170	1443	1752	2174	1519	4245	697	2475	595	2247	970	3288	4836	2670	237	1182	4302	2800	4474	2277	3885	3766	410	
2852	2789	3354	3825	4101	3767	2371	4684	3664	3924	4206	1247	1687	3086	4351	2002	4923	2693	3265	4685	4037	784	3986	169	4599	1477	483	585	1204	2275	446	1409	2972	3221	1920	3309	597	3930	66	550	135	4371	1922	3873	2918	716	3247	1008	2054	4534	286	3621	586	1636	998	2859	250803	4309	2627	2855	165	4490	1184	2016	76	905	830	2171	1753	3969	3797	2562	3254	3622	4288	2574	2995	3983	2630	818	4444	3742	4166	1706	1039	2344	1507	2028	2688	2126	1136	4925	896	4051	1382	2527	3075	63	2835	2490	
592	1932	4221	2481	4775	3991	951	4990	3263	2584	1604	2848	3805	1677	3482	3100	2179	748	3488	2474	1488	3528	4475	2898	4349	4598	3309	2711	944	1425	640	4434	428	450	1633	2610	3209	4828	3656	154	1512	1335	3375	4059	1913	3435	1138	3356	8	1504	2326	1239	902	315	4364	4271	156	245235	2183	1719	1029	4989	4044	3940	4948	1741	971	3029	436	918	1867	1793	4215	2940	1866	2490	1145	615	4989	2721	4741	2691	276	4747	1456	1326	3546	1234	2165	506	2324	1479	201	3956	2800	3334	3129	1443	2344	2666	
3400	1853	1607	3331	364	4686	99	3958	1171	1323	2755	604	3043	1974	4771	3892	1511	834	3558	677	3441	978	459	4463	1468	797	988	1874	2089	4781	4970	3226	181	2656	2157	4585	2632	1214	1275	357	33	1861	4342	3876	792	4905	2347	3956	28	151	4191	3648	4030	2124	3493	1456	670	3954	233735	3512	1469	2099	1009	2492	619	393	1588	2834	2369	3357	2697	4129	1369	574	3979	801	3085	1620	2483	4691	4333	1557	3494	3121	430	416	202	4321	3711	3369	489	1359	4589	1629	4493	3257	3458	326	692	2286	
1217	993	1846	489	3885	1773	1925	4339	1466	679	2067	231	4052	1604	1075	1770	47	214	4001	4931	2095	491	1779	3223	1217	1186	4092	2696	2506	1992	2359	3542	3958	4122	4145	1270	1347	3508	1690	2147	2232	4689	1557	2490	4408	2811	4797	1427	3347	2694	714	1237	158	504	2453	1072	3106	1476	1425	235954	3867	1431	2195	2433	4594	1170	819	3311	1429	329	42	1040	4821	4683	2654	3388	688	1436	1317	3618	1169	4687	4111	4503	2301	1792	1710	1571	3454	1089	4442	268	2549	2883	2368	1183	1876	4607	4339	4532	
3562	525	310	4762	1194	1277	3401	4227	1550	237	10	1801	4104	379	1525	1537	1826	2546	4239	1079	2447	434	1808	2706	857	4859	535	1713	1003	330	746	2862	546	1656	1846	3986	4224	207	2012	3553	3481	711	4581	3591	1962	4072	1007	4692	1030	1928	2983	4580	1715	2807	3522	3586	1693	4609	3143	2870	227323	1051	4024	2844	3549	1714	1721	1847	4302	97	3575	989	3033	3625	1989	4069	462	190	4706	2399	3882	64	2983	59	1572	2159	4760	3340	3026	883	2666	430	1765	2906	564	1798	3267	731	4104	105	
2731	1922	1123	2240	2358	181	219	4706	2844	3279	2721	3634	1108	1355	4231	4123	4849	4260	876	2409	3425	634	365	4330	2111	3847	862	2588	3764	2474	882	753	2801	1780	1256	3017	4208	1385	510	4438	3796	2466	4250	2918	110	3937	3278	3076	289	2764	4092	4544	2057	85	226	4736	655	1945	3360	4159	1936	243666	2736	2173	4247	885	1821	112	3631	3679	3431	3593	1686	3070	3669	850	2278	4681	2701	686	854	3680	1272	4577	385	4734	3329	442	373	3697	599	3230	2511	2357	1369	2448	3253	2806	2002	861	
4043	3309	1734	2732	1866	1692	2227	3038	678	1429	563	4346	4255	3672	3921	117	3779	3275	706	4936	3993	2415	302	2602	817	2249	4510	4351	3523	3999	3393	1449	4461	4187	3034	1038	1672	3356	1884	1707	133	1827	1489	3911	4116	1219	4254	4851	4366	3142	2716	4169	156	3763	2595	3385	2246	68	911	2052	4137	3271	240957	2531	1195	2803	4900	160	1585	438	399	1319	4371	3956	1126	1166	1045	459	289	243	409	1037	2439	2717	20	1829	2246	1701	2791	1029	2579	4414	4463	2319	439	1379	1158	3307	1995	3673	
4603	433	1781	2957	1648	2400	3379	2054	2098	646	1287	3837	3006	168	52	2620	2890	284	896	2518	1274	4621	851	4998	2549	2424	3015	810	4095	4661	1168	1545	175	423	3605	474	3588	1015	3175	2215	4083	2853	82	3722	548	1409	683	615	591	154	361	3579	2121	3533	4246	1522	123	2752	3943	1951	884	1255	1362	225658	4198	3678	1392	3272	4647	1856	4235	4217	1953	1576	218	3529	2563	974	1019	2061	3625	885	2096	1476	2050	4722	1149	1405	3665	2591	784	3706	1399	4521	2546	863	4550	4751	3070	4062	
2113	4020	767	2557	3178	3663	4342	739	875	513	3773	2550	3946	3206	4966	2809	3919	1119	2663	1220	3871	1351	1274	1060	4950	4629	4639	189	25	4386	2902	3869	3874	2036	1306	1426	3911	545	2511	71	677	3176	4912	1835	488	4037	2474	258	2878	4923	917	4473	118	791	556	1772	4843	2714	4659	170	4701	2375	3632	2027	237593	2470	4341	1409	4520	2080	2189	93	2223	852	4197	3827	4173	2649	2765	2048	2449	1533	1831	2131	3764	2790	1183	218	517	1415	107	1486	804	4701	4341	3418	2153	626	455	552	
4590	2706	3247	2685	1370	1932	2411	2670	4064	2899	4158	4715	3447	622	116	4322	4851	2117	2042	247	2012	2109	2281	674	4773	1397	4285	698	1375	2778	2953	1065	2919	1448	4661	4736	1806	1314	827	1133	4512	4300	4078	337	2824	3366	436	335	3169	356	3270	90	1663	444	733	38	568	919	2359	3138	1997	2236	1698	2084	4757	220157	1121	1981	52	4324	45	1678	247	946	2893	4308	2596	1909	2320	4153	4960	282	802	219	176	268	1574	4968	292	3539	4868	2786	1065	4977	2043	207	1799	959	1416	700	
458	1635	1152	4236	4052	2589	610	331	2075	2131	248	4456	142	3721	1287	2186	550	4700	869	3858	803	2417	2755	1698	1229	1785	900	660	492	913	3981	486	2978	1047	1260	124	1855	3567	1342	2655	4477	4183	3027	4085	1157	919	3245	3624	1921	598	4010	1491	2636	1368	4373	4083	199	2180	3436	3898	3734	1190	2957	938	394	704	224472	2592	3800	3334	4912	3838	314	4186	2186	38	3588	3941	2603	2172	721	784	180	116	543	3258	4946	851	4057	1650	3076	4538	332	3647	1059	3272	556	1414	4818	4583	
2015	4236	2481	1987	2930	4764	813	4550	2771	2739	4930	1551	1751	123	1283	2835	1797	1605	2641	2301	3946	2186	2035	1355	4382	1332	3941	1481	1911	1024	3148	970	2844	967	920	747	4037	2277	251	1242	3258	153	969	1559	2105	1678	3016	1291	4044	2818	1963	966	3841	2285	1322	2821	3124	4108	1899	2868	1274	1119	1935	3551	1312	3344	1206	218917	2643	1821	3404	3436	3281	1375	2801	2007	16	19	2099	209	4685	121	895	1000	1088	3644	2432	2104	1318	4729	2638	281	2759	1483	3411	1056	4425	1302	4490	633	
3893	4995	3129	843	824	1180	3217	1012	1013	1216	1811	4551	2568	4625	990	4330	326	4996	654	1533	4636	3297	734	2648	3309	4476	1369	4141	640	4899	1029	78	4689	4904	4378	1176	4783	537	4650	2776	1222	2311	3153	668	1294	3100	3975	661	1795	1048	67	363	2966	573	938	1138	3236	2354	4553	3157	2630	3773	1791	3384	3609	2852	2590	769	262539	1694	3636	2042	4604	4614	917	144	2605	1360	4523	3544	3567	3007	4704	2547	948	1365	2643	4070	2916	2180	3802	4848	2281	989	4079	2454	3755	4951	4230	2889	
221	323	1886	4098	2952	3174	918	3188	767	3646	3641	2075	2082	816	1229	3428	1902	1673	2648	4237	3325	4219	2677	3422	699	4195	3142	808	3833	4977	1785	3261	3341	2216	4056	2545	1425	4006	2764	2471	3722	3782	2514	3126	1076	388	721	1350	597	2080	1858	3278	2735	3543	3529	16	434	3391	1099	4207	3145	3746	3768	4543	1692	2748	604	4294	2478	247811	4320	2593	3632	711	1966	186	2117	2443	1357	513	1551	2756	4121	3377	3323	2888	2503	4924	488	4232	247	2794	1061	809	251	3014	2483	184	3231	4569	
4169	4074	1706	2315	4103	4035	228	3982	2910	3133	4568	2582	198	59	692	2262	4559	4262	1230	3141	4612	1960	4754	1721	2548	2223	1257	722	4907	140	2212	3602	153	93	2601	92	3497	168	2941	4091	3453	113	2275	1148	3952	1630	4163	3742	980	3944	2903	1584	237	2469	3427	3916	3174	12	3371	2804	2370	3888	3528	3242	1382	1953	174	3540	1085	3415	252745	95	1579	2545	3493	1731	2215	4069	2840	4400	491	1416	1202	1335	1245	3472	3018	3924	803	2704	4736	2395	4730	4516	2270	344	4944	2118	4152	2739	
891	968	1406	964	721	3323	4423	4548	3065	3023	4664	4132	1594	428	1366	937	4035	569	1616	1833	4435	2562	1216	4023	3290	2999	932	2845	2991	91	4752	1930	619	1835	4406	2370	4909	4080	1129	3438	3800	4262	1686	3915	91	2933	4123	3095	383	15	3021	4969	2598	588	2469	4680	1337	435	2186	4224	2739	1346	981	2280	2189	679	3585	2135	3241	720	1858	241409	931	1976	1127	4732	2380	691	3995	4672	2353	2116	2904	2814	2188	4820	4173	4983	1377	806	578	1273	2540	2857	640	1886	4505	54	551	2557	
4876	2346	1954	957	186	4406	390	4183	3231	893	3755	4996	689	598	3810	4319	3469	963	264	3012	4593	4913	289	4096	274	337	4249	771	2919	1558	2087	2548	2877	2336	19	2979	3740	448	977	2109	1938	5	510	323	2583	3774	3458	2284	1233	1761	4007	4309	4153	1980	682	574	2189	466	1655	887	1463	216	1849	1026	4838	32	138	1162	2987	4117	4568	2197	220265	993	1314	1070	4443	2844	1977	54	3641	1462	3618	276	2441	3046	754	4666	133	1963	963	1650	1689	1171	3135	3529	3950	4051	2962	4523	
1302	1783	2484	3679	1949	2258	4783	1812	4662	1359	1367	2052	3915	2513	1640	2544	1057	4809	1380	877	1019	4518	3532	3869	3830	1385	2182	64	4005	3977	2393	4541	2973	2164	685	1332	2076	4776	558	126	3078	761	3803	4942	3648	4403	1105	1906	2513	1315	1374	2021	4589	1553	4515	279	1796	3472	4337	24	3859	897	1127	4088	2041	2405	4770	1010	3244	4954	4303	2210	980	237669	565	2005	2265	2588	1607	3848	4073	1733	1424	1460	1189	229	2319	1080	2020	2938	118	40	2968	4637	2349	732	3992	1466	1052	1348	
2213	706	4937	1194	3873	4205	3646	4296	3716	3492	455	3020	2217	2583	4091	866	3993	4746	1913	97	1847	4333	1917	592	3620	3755	3571	3970	763	659	1642	1519	807	1446	173	2670	4243	1192	4142	3951	3627	2811	2060	3766	4874	3272	2647	221	1243	1967	985	4153	3372	3401	2303	2704	3703	1084	24	225	4042	2487	2133	2317	4218	327	978	3620	3260	2185	556	883	2149	2744	242329	4589	4186	562	1699	2287	2314	3566	1550	3696	2370	2704	716	713	1169	424	733	617	1430	3504	2221	1773	2702	4773	2113	3494	
4075	3688	3265	547	2265	3693	4767	3689	3747	1867	1568	1439	3877	2181	3344	3871	1603	457	1771	3962	4570	4311	3513	2659	4741	3148	1777	1767	4348	4872	4361	3131	3519	2324	1125	15	865	3096	3734	1194	1363	884	1141	1526	3206	1957	433	4517	2510	1691	4724	3411	291	1785	4437	1326	3313	980	2545	1956	3378	3287	1763	3604	946	4838	1023	3600	3828	1594	649	1393	1828	3037	2787	247328	2636	3006	2366	1866	746	2095	705	565	2546	621	600	1290	1856	4448	1447	3075	777	883	4383	4608	1083	862	3863	1693	
3706	1867	3967	3805	844	29	209	4134	103	1944	4722	2383	4489	2477	3784	1935	616	100	2355	3080	2604	583	2272	868	3666	2261	1076	535	3946	4612	4118	766	4811	4258	1473	1574	1637	4222	56	4215	4679	4122	1867	3922	2290	996	2137	2882	2686	3238	4382	223	4236	1539	3455	2696	1995	1290	1723	1010	3231	424	3668	4531	2591	4457	1438	2540	3342	3094	3080	351	4428	4166	1425	1270	244250	934	4117	2076	1466	1787	1312	407	1879	2354	4137	3694	3550	581	1691	3743	4082	3289	2336	3317	326	814	3159	1472	
4846	1478	2976	2949	3550	2666	2045	3904	802	689	2715	3199	270	1235	4873	481	2647	421	4801	4542	1178	941	141	2217	3627	16	4051	2995	1360	3186	2491	2834	951	1558	313	730	4613	1183	1167	3234	233	3782	3332	3778	2473	1341	1746	1988	4563	3252	565	4233	3326	2985	560	765	442	301	148	4446	2405	3469	243	3016	1208	3942	3066	3493	4713	1085	4486	2595	4467	3317	3240	4118	355	233160	171	1168	939	1246	29	70	1812	2762	853	3957	2319	4496	2140	164	4702	3990	4319	2572	1617	3286	3852	3278	
1547	1403	1490	2251	3134	822	2654	3370	187	2410	4948	3421	463	1621	2594	2669	2979	3360	1555	520	1267	2001	2875	3191	3393	1351	3110	3981	2394	2669	4926	973	1177	3747	4389	4395	2851	177	895	2926	4915	4341	827	3308	2111	2247	3372	423	4307	1067	387	3342	740	2871	3680	3807	919	886	1033	2188	203	2524	3721	3547	4733	4619	252	3146	1682	2077	4690	795	2010	2795	4123	620	3003	3885	243561	2802	572	4211	2165	544	643	2284	2220	4442	321	2204	1295	3527	3692	99	2309	207	3405	3100	3338	4553	
4676	643	3176	2759	2312	1747	2170	3774	2779	1343	4909	2593	2686	4319	4424	3869	3401	2766	3566	4770	4701	345	361	1800	2422	3834	1865	4009	1755	4238	4997	4358	2791	2347	2897	2381	4493	3375	3329	1416	4760	621	4092	2585	3321	4425	3493	2525	4580	1966	2966	7	533	2389	718	2199	3471	1753	2045	1322	2173	1281	1533	2467	1741	1013	2268	2602	4521	1357	4215	820	3712	2302	3336	2188	1821	4063	4491	271411	1734	419	2542	4751	2120	4151	879	4611	2600	1999	1610	3521	2117	2284	1347	3479	1453	3353	2649	840	
2269	3646	236	1722	4156	1556	1489	3049	2058	1506	795	4000	2166	3247	4588	308	3829	2417	3148	1388	4786	69	3424	830	2410	736	2791	3923	2766	3430	3969	3358	2135	4161	594	3553	1525	4741	4270	1200	1272	3761	1268	4874	3555	3456	504	134	630	473	3084	738	1451	1579	1599	4017	1171	4933	1312	1718	1810	3198	2404	1964	1888	2792	4439	4369	3233	4498	2575	2146	1232	1574	4639	1656	3871	4175	4635	4387	253260	3112	4503	3870	3773	569	1045	4395	2658	835	79	2784	2320	4191	2697	1779	4360	1465	787	226	
3682	2427	1406	3006	3144	4959	1820	961	1993	884	965	2613	769	3862	2782	3383	1070	2359	2389	1588	3422	4210	1051	3898	3856	834	4769	698	752	3078	3607	804	951	1407	1472	3677	4442	4901	282	797	1553	4183	2581	4899	971	4986	3785	1573	2952	2924	893	3530	2847	4026	2213	4835	1354	438	3716	3233	4558	1493	3426	480	2335	2744	2592	4597	1460	1120	1290	3868	4863	2560	3283	1342	4992	254	2703	2664	4938	253466	925	1471	1453	1290	2573	1227	4502	2133	969	3905	2644	2614	1797	3326	4348	92	4219	56	
3368	4840	1595	2575	1219	1854	977	884	4728	2168	4681	2273	3995	959	335	1666	2056	4675	2162	1706	4436	701	1440	2777	4705	1083	3528	2572	2717	4460	3756	4349	4396	1556	1742	709	829	2490	3740	248	4371	1969	1959	4015	4613	444	2768	4219	2537	3197	4268	3529	1508	3279	1378	993	500	1970	2218	1148	2386	2512	2705	2853	1610	4430	530	2295	4189	1084	1527	4999	4785	4633	3960	131	4423	3809	354	2547	1910	768	254734	1415	2518	2123	4439	242	391	157	1956	3373	4211	2727	2746	1487	441	4196	3320	4979	
4939	3300	1696	715	3595	1639	2740	2556	809	2629	2093	73	2024	3339	914	2013	3482	2377	1686	3291	2569	4258	1157	3800	4336	4243	2968	2251	3617	2023	3727	3876	3704	458	1783	4051	4559	973	2540	2922	371	298	1089	1838	4255	3368	2149	1129	2400	1001	1592	2916	826	3858	958	3372	2049	3546	3795	2154	2234	1119	856	1023	3090	1229	3429	2207	3734	4353	4160	4253	1157	1398	3925	120	3884	4277	366	1501	3721	3378	2268	248961	1786	2276	4055	2729	4158	2245	4130	2051	219	660	907	390	4386	2175	3450	3464	
2777	4468	4423	4806	4896	4562	1289	1049	3485	3227	3972	3329	571	4477	3699	3935	2137	4338	1399	2207	615	4300	1982	574	4334	789	2263	104	3097	1670	3301	3341	1710	3278	1178	1460	834	4614	742	1297	4004	1650	168	3203	832	2154	1580	2441	1935	4138	2734	767	3892	4327	2230	2435	3635	923	3173	2989	3941	1515	1847	1742	87	1479	529	3560	4132	425	20	846	3680	1946	4410	181	3830	3849	2944	52	3532	1205	3294	368	240302	3757	3235	123	1080	1982	1836	3798	856	3094	2591	3580	3595	2966	138	2376	
1934	1525	4802	2458	1352	3018	945	4711	343	4890	2231	567	2648	4875	4868	1594	4731	2448	1925	2205	4694	854	3013	1978	1993	678	3678	4846	2985	4213	3160	1110	601	4792	4337	2740	4230	4739	46	1935	3130	3492	1824	4402	2835	2684	2507	2494	2245	2070	3171	2793	4797	3163	2487	3369	4183	3124	3427	1540	1843	4354	3769	2122	2939	2227	816	3309	1817	1254	2472	4463	1398	2456	3212	1445	478	903	2280	275	1482	2184	1485	1544	78	263852	1531	1275	4012	2713	4263	1278	4352	1798	4934	2466	3206	3718	3304	2396	
4217	3208	3312	758	805	4702	290	3737	2559	78	4054	4073	2692	2470	3253	1961	2591	1411	3513	3161	1743	3539	1554	1685	4760	4224	646	3896	408	968	3808	2705	4366	1684	3141	2285	3990	1038	4363	21	3359	4487	411	489	337	2727	32	2021	1153	582	3984	1186	1856	4818	4771	4232	683	4746	3154	4556	2235	4107	3441	1325	3031	2569	3560	1899	41	4624	1374	1193	527	1611	1031	4746	331	2877	793	1850	3485	4654	593	1671	815	1424	245808	2632	2033	3514	3497	52	590	77	3491	350	4351	4950	4960	2152	
2262	3740	1908	2622	1774	1506	3315	2300	3337	2422	1373	3818	4601	4003	3707	2863	996	43	1057	4980	4858	1650	972	2386	1593	2015	2117	191	4755	4420	990	4756	405	4553	1725	1291	947	4123	3455	2768	931	1523	23	3605	2887	2204	255	3242	63	789	2342	3844	2502	1776	3666	1557	2812	1569	2656	4565	4044	843	1322	1120	3974	48	3456	4192	1424	4224	1434	4925	1672	460	4629	2969	4022	2106	3188	2144	1056	588	4289	1176	1141	253	2924	242500	1030	4347	315	506	4314	4515	4419	2347	617	3865	2142	4398	
4948	303	4957	2243	3338	1328	3255	1448	2054	2526	3715	1370	4535	2025	643	3937	320	2176	3882	764	17	2773	479	2821	1029	2772	4234	3166	503	2532	230	3292	1094	1825	3823	2890	152	4649	838	4657	3862	3782	1299	2415	2508	2267	2555	2398	2413	1915	2163	1599	4988	2158	403	166	2486	3917	4046	1304	246	1624	2041	34	1736	4758	2785	4195	554	3293	4722	3757	1392	2162	1966	936	664	3604	282	143	2093	4804	2719	871	4840	2935	4752	3974	235619	2759	4856	345	2375	143	2070	2632	417	3806	923	413	
2201	4717	4658	3219	2187	3764	2761	1747	4441	3978	4792	1301	2401	2148	3224	4917	451	120	3366	1220	4198	610	1455	4641	2475	2207	4454	4103	4673	176	2804	2729	1963	4801	4503	291	2159	4579	1222	4898	2961	918	3388	543	1975	2291	140	4768	4686	2153	2420	4960	741	4750	2428	4401	3736	1521	2968	774	944	3813	1788	4789	393	1241	1592	3301	3980	3174	3677	4061	94	2072	1319	1389	1753	4545	1491	617	1857	4290	1570	3795	3530	3963	4614	4528	4640	278746	1029	2822	198	3398	2260	3867	2795	4620	4062	3890	
1995	4086	245	370	626	208	704	136	3806	1957	3022	118	2189	4674	4041	1868	555	768	3111	4622	4577	82	2765	429	76	4112	1860	2467	3154	644	3529	1473	74	51	1535	1891	4091	3213	1072	3623	4733	1848	4268	2857	3960	3802	3769	2171	4874	1423	4572	3443	4925	2874	335	2094	2208	4878	4787	4483	2436	135	3480	4315	2690	3612	2483	3616	939	1329	4358	4770	2272	4739	3558	2578	3059	2826	3794	4937	2374	1454	3911	2216	1275	1699	2684	158	1595	1119	248556	3509	291	1270	4275	2918	2147	515	208	1927	
4137	450	2139	4274	1454	420	4708	2183	663	2482	2330	2012	4543	2358	2064	1325	3435	3630	1787	1439	4374	1458	2633	65	1117	113	1452	2172	4118	238	4462	1210	2565	1057	631	3910	679	187	325	4810	1627	3626	4468	2487	2933	4366	3222	2544	2124	323	333	4904	3439	4328	535	1597	2996	2311	2952	4205	1569	4302	2182	1704	4855	3750	689	998	3411	770	4578	2755	2254	2233	3238	2063	2464	1984	3138	651	584	1322	2881	3993	56	3593	4428	251	3223	1938	3594	236729	302	4659	1864	1650	551	4248	3882	1170	
1482	3703	1586	4704	834	2169	3008	4222	352	2914	3052	1277	734	1290	1936	995	3855	157	865	4563	3309	2112	599	4980	2251	301	795	2911	3949	1161	2577	603	1252	1492	4798	4579	4870	4112	1091	755	2181	1901	763	823	1478	13	1338	3741	1766	3124	4654	531	3984	1610	834	2308	1650	1188	3984	4815	3561	4911	2623	3784	2985	375	3149	2691	3314	2167	2207	3999	1367	1889	4559	3775	2633	4089	102	3375	779	869	4394	1085	2423	2096	4105	4581	562	1015	3534	3082	240126	4347	1739	746	1473	328	2136	4585	
1566	22	179	4600	1390	2326	3753	2624	1533	1311	1884	1585	1792	2737	4710	544	2786	2049	3788	4953	4418	519	1502	3665	3875	2901	1750	2599	4877	601	2743	1660	2010	4252	1240	1520	1331	1932	1985	3479	4195	4054	3285	3372	2996	112	713	3461	2913	607	1740	423	948	3100	4272	1139	2145	1893	2960	3233	1955	1409	2513	548	710	3787	4566	1495	868	2626	78	4918	851	2048	2241	2048	2647	2042	1308	3546	4860	4256	1153	768	1247	1966	947	312	2926	2226	4776	4848	996	233958	1711	2041	1250	4905	3436	107	
1978	2833	3721	2444	3182	139	1864	931	137	151	4726	906	2667	1837	3162	4075	1475	3525	2727	2385	808	461	3478	2954	4193	4708	2696	1628	358	1775	3538	718	542	249	3554	1257	2618	1065	2672	2727	4922	1494	3617	3642	4590	2846	3008	3976	1160	1224	765	1021	761	510	3291	3609	3264	4616	2781	3956	4514	1453	201	5000	4198	770	4544	2414	3737	448	4292	2379	1522	4633	3258	3484	4798	4131	3874	2951	2126	3944	2773	3508	3039	1405	847	1717	1067	4354	3605	602	3878	578	248766	167	1724	2332	2147	506	
1401	192	4826	912	2825	2398	1115	1855	2209	2123	817	721	1797	374	4718	2367	1044	1762	1345	1652	2753	3356	4529	604	1131	912	2097	4517	1959	534	2844	445	3620	3931	946	4892	1783	3590	1748	2107	2192	3912	1301	3621	965	1863	4129	4277	2926	853	4002	2176	4073	324	2009	4396	2095	2101	4490	4122	1574	3554	4675	680	3152	1576	2270	1969	4716	745	4668	2289	2100	3936	2429	2996	4951	4574	1254	614	1055	3069	1066	4289	4149	4395	4684	2106	4580	3378	3299	1132	611	2766	631	247775	4207	3694	283	2567	
2473	2902	4252	4608	195	4524	945	1268	2441	3402	668	4147	1478	155	3264	3373	1628	3977	1058	788	608	4631	357	477	1405	1051	3569	3947	208	974	3884	420	4804	606	4291	968	4495	4820	1539	3639	2724	1442	4667	107	2227	1207	3196	4286	758	1750	4588	1660	1421	331	4367	932	4660	2256	4064	4675	1027	3688	2142	2578	991	370	1210	4666	4463	159	232	1925	153	1063	2108	2886	2782	977	335	731	4691	826	290	3402	2473	2840	1978	3514	1144	2271	949	555	752	532	3236	1633	220631	2440	3617	1997	
1010	2159	3227	180	4678	3369	2871	4340	1839	3801	4865	1957	2803	1356	4204	1620	670	4636	4478	3622	2225	182	2383	4138	455	4785	3284	1255	3889	1336	1679	113	4802	1394	1897	1310	1317	3736	91	4950	2310	1902	3305	3290	1142	4461	624	3316	1595	2784	26	1128	4335	1582	4247	4905	2120	2080	4742	2894	1624	3084	4357	1399	2414	4721	1725	3227	685	2971	161	2659	1323	2089	2352	69	820	2765	2641	2953	1120	4	4191	288	2274	3567	3981	1495	251	3169	779	1310	799	1371	3866	4629	174	239243	3365	2689	
1229	3924	3800	108	4686	1826	573	3707	781	2628	3829	1924	493	1368	4948	2599	907	4201	2280	2244	264	4460	3667	1805	3157	228	679	3278	322	4890	4345	2002	4767	409	2217	3560	2959	3697	2249	3934	2266	1914	2092	3012	1250	2068	4914	636	2928	820	865	184	4559	1945	853	3533	3273	1352	4059	511	2618	4349	138	1781	4874	2747	2644	2279	382	2102	764	3789	3185	2222	3055	4233	3071	4647	1880	3055	4402	1727	3015	4740	1985	4504	2194	653	789	3479	4295	3658	4966	3667	320	2651	1798	2762	251887	1921	
412	4864	1373	1320	3211	3354	1670	2763	388	4538	2743	1289	3690	4499	1963	2799	3372	2832	1649	3406	1480	1312	2698	1974	558	837	4642	4619	3083	477	3573	2303	3487	1625	2276	3424	385	2684	2840	4939	1849	4525	1807	2313	4750	2145	268	2641	1002	3818	587	2575	2882	3293	1605	4411	730	1203	4729	2165	1337	2958	3660	704	1497	3215	3547	308	577	253	1334	1792	4782	280	3551	1415	2144	2478	1515	2779	3601	1166	1088	4488	3667	2132	4376	4082	1570	2997	2380	1385	304	3235	2693	3564	8	1747	431	237877	
