75 75
233	441	231	248	167	135	283	190	416	362	276	184	160	484	327	212	99	351	480	376	462	308	267	347	497	84	403	44	469	256	319	489	256	56	395	160	181	456	192	371	232	107	143	326	348	267	356	53	184	308	500	206	90	304	160	184	252	412	214	401	117	473	185	108	342	321	460	306	5	358	395	282	412	107	485	
441	412	226	118	381	452	467	370	104	118	38	223	235	415	468	142	37	225	166	181	486	60	205	278	94	410	465	171	332	260	248	250	367	441	485	422	370	463	205	461	445	311	324	499	411	10	287	464	71	377	157	257	252	256	143	269	200	219	9	169	134	245	77	256	87	474	210	45	374	50	197	338	179	314	362	
231	226	54	194	415	471	360	483	44	21	294	93	213	496	465	151	6	279	382	447	84	242	410	217	22	179	340	370	50	56	123	430	143	28	219	438	146	19	184	410	404	118	366	10	354	378	137	359	30	349	481	337	266	472	94	31	194	370	340	150	11	472	237	325	336	88	309	424	164	280	119	296	154	273	499	
248	118	194	391	280	255	391	436	112	486	390	261	222	465	293	303	49	187	292	162	48	147	433	498	228	44	358	16	69	413	413	285	56	469	163	476	463	366	162	498	95	119	248	259	221	271	288	46	244	192	427	169	222	93	365	47	405	287	77	162	368	86	414	257	358	350	316	88	282	32	486	397	80	371	413	
167	381	415	280	223	242	18	225	44	423	147	391	93	268	436	183	345	248	138	198	466	441	316	302	363	63	293	93	477	257	80	463	256	190	26	420	200	334	340	354	49	217	471	347	472	491	278	437	232	392	112	97	419	78	161	125	224	272	297	382	473	317	454	293	400	110	332	21	92	25	187	217	317	355	281	
135	452	471	255	242	138	199	406	299	13	51	498	153	170	330	240	227	459	464	37	326	250	29	30	106	277	193	476	162	221	417	446	87	460	71	284	388	58	286	438	25	321	383	17	365	225	163	266	430	17	175	469	4	251	448	371	301	9	431	19	351	166	280	405	110	326	40	244	496	150	365	347	494	411	313	
283	467	360	391	18	199	390	317	323	466	130	497	305	489	168	152	116	192	225	150	454	182	192	200	25	208	48	106	391	225	1	6	370	187	336	321	430	391	385	236	434	175	484	432	200	237	63	17	61	71	347	237	408	53	274	363	414	47	496	38	62	323	341	12	158	357	249	131	54	441	489	278	51	113	353	
190	370	483	436	225	406	317	87	143	256	70	8	18	482	134	299	500	49	498	230	130	63	480	343	313	309	76	41	439	367	340	431	95	489	250	260	79	422	437	91	440	386	360	496	100	245	194	275	188	18	191	117	219	74	134	340	251	122	275	238	47	61	230	201	197	366	205	229	172	396	39	383	429	203	434	
416	104	44	112	44	299	323	143	477	169	264	202	257	266	204	402	230	411	318	466	357	12	205	298	21	339	403	222	305	68	335	450	358	400	452	176	179	348	251	279	447	2	27	47	78	124	159	471	243	148	119	429	302	369	7	28	161	83	477	254	80	248	433	336	49	81	322	199	312	235	346	140	27	396	481	
362	118	21	486	423	13	466	256	169	220	149	488	402	29	256	360	191	115	360	388	444	106	162	264	254	138	245	377	164	240	332	253	429	173	121	457	307	321	300	57	356	157	158	413	459	196	27	153	365	219	294	6	436	231	153	348	23	131	261	196	303	62	466	95	14	229	26	249	155	381	10	446	266	132	142	
276	38	294	390	147	51	130	70	264	149	287	320	421	14	121	288	149	413	491	174	324	261	253	228	93	434	7	364	225	372	342	206	212	223	377	182	405	330	168	484	359	412	330	18	336	100	71	301	151	67	408	16	132	470	109	433	327	350	215	325	177	361	376	215	106	221	276	416	500	127	114	97	462	92	397	
184	223	93	261	391	498	497	8	202	488	320	16	436	98	223	292	410	458	455	392	124	265	498	285	10	173	57	171	123	245	292	177	34	375	374	352	298	197	355	351	438	118	338	52	438	247	85	340	257	26	398	435	364	253	215	358	457	109	63	158	327	461	438	46	493	282	3	296	225	265	413	340	423	471	173	
160	235	213	222	93	153	305	18	257	402	421	436	364	118	447	41	75	390	325	331	13	99	238	307	270	393	412	439	242	308	139	342	160	422	117	59	214	191	446	23	13	228	442	216	429	239	331	263	279	453	421	452	33	405	220	200	298	449	146	148	151	343	109	480	249	366	404	270	347	132	88	405	474	305	368	
484	415	496	465	268	170	489	482	266	29	14	98	118	116	191	89	153	335	89	195	457	20	69	152	128	105	106	130	417	253	80	499	359	80	123	80	139	197	207	81	467	191	375	248	395	389	98	286	135	325	261	272	390	162	267	157	282	414	174	152	451	456	230	369	304	283	447	389	203	230	274	218	252	300	327	
327	468	465	293	436	330	168	134	204	256	121	223	447	191	287	218	79	370	127	157	481	171	283	183	72	440	107	464	467	369	30	175	484	305	69	324	479	76	328	215	398	495	122	306	31	492	330	374	403	426	278	62	72	315	397	184	273	208	368	156	88	216	260	134	165	477	470	423	9	416	306	143	490	91	325	
212	142	151	303	183	240	152	299	402	360	288	292	41	89	218	422	197	416	426	145	67	459	123	318	8	308	261	446	389	158	136	229	49	287	212	183	427	422	4	70	430	489	371	500	196	286	117	355	295	268	494	390	185	129	70	357	223	351	360	172	108	80	132	251	106	310	123	222	262	319	324	428	476	244	246	
99	37	6	49	345	227	116	500	230	191	149	410	75	153	79	197	109	238	4	379	485	305	336	399	317	431	368	86	40	59	68	354	74	254	336	332	219	196	401	448	427	298	317	142	285	369	177	260	70	202	441	218	156	155	259	341	375	47	308	359	422	346	399	42	408	411	223	235	56	469	260	473	55	423	337	
351	225	279	187	248	459	192	49	411	115	413	458	390	335	370	416	238	193	430	311	440	452	64	10	296	28	373	222	67	499	358	139	120	138	451	358	172	400	243	67	41	366	115	62	438	394	173	429	496	238	274	188	36	467	314	413	239	461	371	364	138	122	341	149	446	463	272	125	102	277	494	7	94	40	442	
480	166	382	292	138	464	225	498	318	360	491	455	325	89	127	426	4	430	60	412	352	126	404	457	25	425	99	127	88	88	262	404	194	474	159	473	169	473	348	160	325	223	86	223	161	49	381	154	62	247	225	206	91	372	269	347	129	188	91	419	276	271	207	4	463	275	93	192	205	184	304	375	81	307	396	
376	181	447	162	198	37	150	230	466	388	174	392	331	195	157	145	379	311	412	489	215	181	138	496	27	166	343	36	494	77	78	261	382	26	466	45	399	450	299	147	259	221	444	35	470	249	257	242	38	449	465	173	208	437	95	169	324	29	109	433	158	57	185	104	337	99	203	489	428	97	118	480	295	260	130	
462	486	84	48	466	326	454	130	357	444	324	124	13	457	481	67	485	440	352	215	93	75	185	439	79	297	275	112	470	120	141	130	421	96	98	202	283	246	134	4	444	142	227	230	86	12	228	344	157	414	233	57	348	308	391	486	276	249	336	409	126	34	198	493	272	245	292	252	160	367	446	89	157	432	159	
308	60	242	147	441	250	182	63	12	106	261	265	99	20	171	459	305	452	126	181	75	227	62	438	368	489	64	109	406	344	130	98	239	98	158	311	345	340	75	442	91	226	442	228	496	370	421	36	173	54	318	136	106	54	223	171	156	433	290	3	478	327	392	13	485	39	321	155	209	409	302	477	312	243	458	
267	205	410	433	316	29	192	480	205	162	253	498	238	69	283	123	336	64	404	138	185	62	495	485	116	114	142	73	81	9	169	173	55	302	46	473	85	463	173	70	290	473	28	126	441	97	208	32	33	447	447	202	19	13	54	499	498	335	481	184	485	312	8	426	486	115	40	81	255	178	255	40	233	299	492	
347	278	217	498	302	30	200	343	298	264	228	285	307	152	183	318	399	10	457	496	439	438	485	237	269	286	227	42	110	270	31	340	130	375	401	402	8	103	488	121	378	48	153	327	392	62	305	218	52	305	140	331	104	412	464	474	49	459	187	200	257	383	50	190	216	476	90	327	318	23	7	277	472	273	91	
497	94	22	228	363	106	25	313	21	254	93	10	270	128	72	8	317	296	25	27	79	368	116	269	300	191	466	364	468	149	410	13	388	103	281	73	270	410	193	125	125	39	17	267	225	52	56	400	261	84	319	60	391	311	278	102	160	92	236	149	493	352	66	313	313	74	386	391	100	313	265	332	133	466	25	
84	410	179	44	63	277	208	309	339	138	434	173	393	105	440	308	431	28	425	166	297	489	114	286	191	51	495	444	286	433	389	446	371	500	211	3	129	28	187	448	168	269	467	35	385	5	373	149	435	165	252	316	452	357	201	303	111	177	62	296	380	281	90	188	375	362	66	60	88	158	89	129	410	168	374	
403	465	340	358	293	193	48	76	403	245	7	57	412	106	107	261	368	373	99	343	275	64	142	227	466	495	168	143	76	293	104	184	212	363	313	77	76	232	495	135	98	334	378	284	98	404	115	415	120	94	254	192	115	235	189	230	1	8	253	155	39	463	200	276	327	308	259	122	84	58	201	309	370	262	27	
44	171	370	16	93	476	106	41	222	377	364	171	439	130	464	446	86	222	127	36	112	109	73	42	364	444	143	147	253	335	477	194	318	213	225	445	272	419	395	16	297	247	193	243	198	466	447	209	142	311	209	381	269	244	28	160	492	342	411	156	449	280	475	37	481	419	213	159	32	136	194	7	224	474	223	
469	332	50	69	477	162	391	439	305	164	225	123	242	417	467	389	40	67	88	494	470	406	81	110	468	286	76	253	425	380	10	3	133	235	373	321	344	45	209	70	409	69	150	30	469	371	330	26	352	201	19	23	273	85	71	324	100	357	154	109	494	133	72	274	17	52	341	314	276	345	69	134	92	148	307	
256	260	56	413	257	221	225	367	68	240	372	245	308	253	369	158	59	499	88	77	120	344	9	270	149	433	293	335	380	253	244	2	5	493	239	281	329	289	341	343	38	396	7	180	330	18	478	334	483	118	252	449	303	8	177	132	172	208	401	114	208	474	147	76	486	491	77	397	13	248	309	47	348	42	96	
319	248	123	413	80	417	1	340	335	332	342	292	139	80	30	136	68	358	262	78	141	130	169	31	410	389	104	477	10	244	282	286	146	140	115	307	374	280	191	463	287	246	388	491	264	344	330	329	227	272	121	184	318	404	367	280	237	202	425	170	342	355	231	423	325	482	131	233	25	231	146	302	403	492	121	
489	250	430	285	463	446	6	431	450	253	206	177	342	499	175	229	354	139	404	261	130	98	173	340	13	446	184	194	3	2	286	193	490	121	497	227	374	291	422	403	217	410	413	149	155	439	32	171	288	87	162	415	183	274	63	179	113	286	161	343	440	124	96	375	22	211	491	197	77	78	55	107	415	68	435	
256	367	143	56	256	87	370	95	358	429	212	34	160	359	484	49	74	120	194	382	421	239	55	130	388	371	212	318	133	5	146	490	416	233	286	377	143	160	21	156	484	448	257	115	460	321	49	384	191	278	120	405	328	176	287	59	151	399	203	351	493	358	310	438	457	305	169	27	74	150	237	432	198	217	175	
56	441	28	469	190	460	187	489	400	173	223	375	422	80	305	287	254	138	474	26	96	98	302	375	103	500	363	213	235	493	140	121	233	14	349	49	208	213	493	434	160	323	272	56	69	394	278	163	84	435	380	437	116	334	461	266	58	75	417	434	167	351	132	112	471	12	16	181	338	341	209	486	198	222	51	
395	485	219	163	26	71	336	250	452	121	377	374	117	123	69	212	336	451	159	466	98	158	46	401	281	211	313	225	373	239	115	497	286	349	410	237	23	77	63	31	186	321	492	353	210	160	147	119	137	15	137	131	413	442	126	167	118	360	317	101	215	343	347	420	500	278	471	482	454	92	426	397	9	259	347	
160	422	438	476	420	284	321	260	176	457	182	352	59	80	324	183	332	358	473	45	202	311	473	402	73	3	77	445	321	281	307	227	377	49	237	278	258	60	242	60	84	141	61	264	293	328	352	445	400	138	237	43	77	444	262	20	2	188	453	422	265	179	72	269	332	102	43	499	383	19	14	59	348	261	67	
181	370	146	463	200	388	430	79	179	307	405	298	214	139	479	427	219	172	169	399	283	345	85	8	270	129	76	272	344	329	374	374	143	208	23	258	164	39	303	444	262	413	104	205	101	151	371	73	388	443	445	217	59	206	275	225	473	142	382	298	244	325	436	187	258	83	273	356	205	377	190	124	78	274	408	
456	463	19	366	334	58	391	422	348	321	330	197	191	197	76	422	196	400	473	450	246	340	463	103	410	28	232	419	45	289	280	291	160	213	77	60	39	433	295	498	332	458	224	485	178	180	482	473	55	173	335	379	364	317	325	232	256	353	343	266	1	182	420	400	89	246	321	318	126	118	32	390	276	423	430	
192	205	184	162	340	286	385	437	251	300	168	355	446	207	328	4	401	243	348	299	134	75	173	488	193	187	495	395	209	341	191	422	21	493	63	242	303	295	120	174	364	363	331	312	36	152	80	471	252	478	195	465	473	464	368	427	215	460	115	181	500	190	442	297	366	74	434	230	78	141	329	113	351	333	256	
371	461	410	498	354	438	236	91	279	57	484	351	23	81	215	70	448	67	160	147	4	442	70	121	125	448	135	16	70	343	463	403	156	434	31	60	444	498	174	113	34	492	269	55	240	22	178	133	33	10	379	269	338	99	431	189	333	87	66	85	306	67	183	34	326	264	116	444	364	38	363	106	220	391	225	
232	445	404	95	49	25	434	440	447	356	359	438	13	467	398	430	427	41	325	259	444	91	290	378	125	168	98	297	409	38	287	217	484	160	186	84	262	332	364	34	165	363	398	250	140	390	372	83	98	418	191	135	149	400	450	401	386	247	244	60	340	475	408	276	202	110	80	373	215	208	388	289	8	387	166	
107	311	118	119	217	321	175	386	2	157	412	118	228	191	495	489	298	366	223	221	142	226	473	48	39	269	334	247	69	396	246	410	448	323	321	141	413	458	363	492	363	459	373	232	412	289	255	273	481	185	409	315	420	112	257	211	225	398	345	92	221	362	423	15	112	449	177	215	261	57	220	94	6	188	336	
143	324	366	248	471	383	484	360	27	158	330	338	442	375	122	371	317	115	86	444	227	442	28	153	17	467	378	193	150	7	388	413	257	272	492	61	104	224	331	269	398	373	312	28	60	167	166	101	449	94	397	408	226	181	172	18	169	21	383	319	217	268	218	210	396	271	326	56	148	402	182	217	497	273	16	
326	499	10	259	347	17	432	496	47	413	18	52	216	248	306	500	142	62	223	35	230	228	126	327	267	35	284	243	30	180	491	149	115	56	353	264	205	485	312	55	250	232	28	321	486	494	345	267	133	407	458	296	223	302	317	446	20	186	383	285	210	359	307	498	389	125	151	486	438	277	98	453	320	277	30	
348	411	354	221	472	365	200	100	78	459	336	438	429	395	31	196	285	438	161	470	86	496	441	392	225	385	98	198	469	330	264	155	460	69	210	293	101	178	36	240	140	412	60	486	163	444	325	238	83	418	365	446	2	377	496	85	259	203	206	192	13	197	251	318	291	49	144	440	107	132	33	433	252	299	483	
267	10	378	271	491	225	237	245	124	196	100	247	239	389	492	286	369	394	49	249	12	370	97	62	52	5	404	466	371	18	344	439	321	394	160	328	151	180	152	22	390	289	167	494	444	136	126	340	406	257	272	94	491	105	112	286	264	62	19	147	488	242	325	93	421	271	455	100	7	235	138	154	55	337	239	
356	287	137	288	278	163	63	194	159	27	71	85	331	98	330	117	177	173	381	257	228	421	208	305	56	373	115	447	330	478	330	32	49	278	147	352	371	482	80	178	372	255	166	345	325	126	146	107	184	322	298	452	30	143	321	157	83	16	234	302	351	447	188	252	102	50	338	11	402	44	441	242	450	341	451	
53	464	359	46	437	266	17	275	471	153	301	340	263	286	374	355	260	429	154	242	344	36	32	218	400	149	415	209	26	334	329	171	384	163	119	445	73	473	471	133	83	273	101	267	238	340	107	118	333	194	18	105	389	62	306	64	401	160	239	47	57	343	102	268	200	114	301	31	366	287	93	356	395	163	112	
184	71	30	244	232	430	61	188	243	365	151	257	279	135	403	295	70	496	62	38	157	173	33	52	261	435	120	142	352	483	227	288	191	84	137	400	388	55	252	33	98	481	449	133	83	406	184	333	154	60	442	300	462	465	249	210	50	30	431	302	44	126	139	55	122	33	152	490	216	413	446	335	364	499	338	
308	377	349	192	392	17	71	18	148	219	67	26	453	325	426	268	202	238	247	449	414	54	447	305	84	165	94	311	201	118	272	87	278	435	15	138	443	173	478	10	418	185	94	407	418	257	322	194	60	382	488	383	303	62	393	409	406	160	219	189	155	428	290	489	17	21	119	214	16	153	153	156	81	57	125	
500	157	481	427	112	175	347	191	119	294	408	398	421	261	278	494	441	274	225	465	233	318	447	140	319	252	254	209	19	252	121	162	120	380	137	237	445	335	195	379	191	409	397	458	365	272	298	18	442	488	402	21	81	176	298	274	180	64	480	114	343	122	369	201	124	486	445	17	13	483	477	340	217	445	155	
206	257	337	169	97	469	237	117	429	6	16	435	452	272	62	390	218	188	206	173	57	136	202	331	60	316	192	381	23	449	184	415	405	437	131	43	217	379	465	269	135	315	408	296	446	94	452	105	300	383	21	79	94	456	99	464	487	440	367	236	204	397	121	170	256	239	251	58	487	310	448	299	200	250	157	
90	252	266	222	419	4	408	219	302	436	132	364	33	390	72	185	156	36	91	208	348	106	19	104	391	452	115	269	273	303	318	183	328	116	413	77	59	364	473	338	149	420	226	223	2	491	30	389	462	303	81	94	60	183	335	270	496	439	375	354	3	42	196	168	106	454	495	188	411	240	237	197	35	169	62	
304	256	472	93	78	251	53	74	369	231	470	253	405	162	315	129	155	467	372	437	308	54	13	412	311	357	235	244	85	8	404	274	176	334	442	444	206	317	464	99	400	112	181	302	377	105	143	62	465	62	176	456	183	477	257	92	11	486	407	259	232	429	161	98	397	280	244	490	420	432	85	336	276	469	351	
160	143	94	365	161	448	274	134	7	153	109	215	220	267	397	70	259	314	269	95	391	223	54	464	278	201	189	28	71	177	367	63	287	461	126	262	275	325	368	431	450	257	172	317	496	112	321	306	249	393	298	99	335	257	455	324	194	182	436	288	319	185	468	7	384	145	205	320	119	202	393	42	314	251	58	
184	269	31	47	125	371	363	340	28	348	433	358	200	157	184	357	341	413	347	169	486	171	499	474	102	303	230	160	324	132	280	179	59	266	167	20	225	232	427	189	401	211	18	446	85	286	157	64	210	409	274	464	270	92	324	462	447	117	198	20	259	205	457	216	472	243	445	155	195	73	144	112	378	135	493	
252	200	194	405	224	301	414	251	161	23	327	457	298	282	273	223	375	239	129	324	276	156	498	49	160	111	1	492	100	172	237	113	151	58	118	2	473	256	215	333	386	225	169	20	259	264	83	401	50	406	180	487	496	11	194	447	248	454	82	8	110	387	365	219	491	382	449	465	400	347	419	417	44	121	399	
412	219	370	287	272	9	47	122	83	131	350	109	449	414	208	351	47	461	188	29	249	433	335	459	92	177	8	342	357	208	202	286	399	75	360	188	142	353	460	87	247	398	21	186	203	62	16	160	30	160	64	440	439	486	182	117	454	24	45	215	365	470	107	452	495	358	123	97	175	375	116	77	14	325	99	
214	9	340	77	297	431	496	275	477	261	215	63	146	174	368	360	308	371	91	109	336	290	481	187	236	62	253	411	154	401	425	161	203	417	317	453	382	343	115	66	244	345	383	383	206	19	234	239	431	219	480	367	375	407	436	198	82	45	90	345	145	44	118	422	438	434	353	422	289	323	53	286	334	138	333	
401	169	150	162	382	19	38	238	254	196	325	158	148	152	156	172	359	364	419	433	409	3	184	200	149	296	155	156	109	114	170	343	351	434	101	422	298	266	181	85	60	92	319	285	192	147	302	47	302	189	114	236	354	259	288	20	8	215	345	270	298	496	210	446	11	44	266	327	3	372	131	4	122	285	164	
117	134	11	368	473	351	62	47	80	303	177	327	151	451	88	108	422	138	276	158	126	478	485	257	493	380	39	449	494	208	342	440	493	167	215	265	244	1	500	306	340	221	217	210	13	488	351	57	44	155	343	204	3	232	319	259	110	365	145	298	65	102	367	455	263	427	21	435	366	178	81	2	143	322	147	
473	245	472	86	317	166	323	61	248	62	361	461	343	456	216	80	346	122	271	57	34	327	312	383	352	281	463	280	133	474	355	124	358	351	343	179	325	182	190	67	475	362	268	359	197	242	447	343	126	428	122	397	42	429	185	205	387	470	44	496	102	25	479	258	102	391	308	414	376	40	84	288	239	439	3	
185	77	237	414	454	280	341	230	433	466	376	438	109	230	260	132	399	341	207	185	198	392	8	50	66	90	200	475	72	147	231	96	310	132	347	72	436	420	442	183	408	423	218	307	251	325	188	102	139	290	369	121	196	161	468	457	365	107	118	210	367	479	304	476	378	412	47	51	75	148	97	203	166	495	277	
108	256	325	257	293	405	12	201	336	95	215	46	480	369	134	251	42	149	4	104	493	13	426	190	313	188	276	37	274	76	423	375	438	112	420	269	187	400	297	34	276	15	210	498	318	93	252	268	55	489	201	170	168	98	7	216	219	452	422	446	455	258	476	471	438	63	29	269	93	14	434	62	137	318	245	
342	87	336	358	400	110	158	197	49	14	106	493	249	304	165	106	408	446	463	337	272	485	486	216	313	375	327	481	17	486	325	22	457	471	500	332	258	89	366	326	202	112	396	389	291	421	102	200	122	17	124	256	106	397	384	472	491	495	438	11	263	102	378	438	466	407	442	167	333	309	316	386	291	62	45	
321	474	88	350	110	326	357	366	81	229	221	282	366	283	477	310	411	463	275	99	245	39	115	476	74	362	308	419	52	491	482	211	305	12	278	102	83	246	74	264	110	449	271	125	49	271	50	114	33	21	486	239	454	280	145	243	382	358	434	44	427	391	412	63	407	424	116	380	373	215	99	183	92	34	376	
460	210	309	316	332	40	249	205	322	26	276	3	404	447	470	123	223	272	93	203	292	321	40	90	386	66	259	213	341	77	131	491	169	16	471	43	273	321	434	116	80	177	326	151	144	455	338	301	152	119	445	251	495	244	205	445	449	123	353	266	21	308	47	29	442	116	8	60	207	11	204	439	433	279	70	
306	45	424	88	21	244	131	229	199	249	416	296	270	389	423	222	235	125	192	489	252	155	81	327	391	60	122	159	314	397	233	197	27	181	482	499	356	318	230	444	373	215	56	486	440	100	11	31	490	214	17	58	188	490	320	155	465	97	422	327	435	414	51	269	167	380	60	331	128	402	419	401	331	235	497	
5	374	164	282	92	496	54	172	312	155	500	225	347	203	9	262	56	102	205	428	160	209	255	318	100	88	84	32	276	13	25	77	74	338	454	383	205	126	78	364	215	261	148	438	107	7	402	366	216	16	13	487	411	420	119	195	400	175	289	3	366	376	75	93	333	373	207	128	99	17	394	149	397	4	243	
358	50	280	32	25	150	441	396	235	381	127	265	132	230	416	319	469	277	184	97	367	409	178	23	313	158	58	136	345	248	231	78	150	341	92	19	377	118	141	38	208	57	402	277	132	235	44	287	413	153	483	310	240	432	202	73	347	375	323	372	178	40	148	14	309	215	11	402	17	413	122	189	337	488	142	
395	197	119	486	187	365	489	39	346	10	114	413	88	274	306	324	260	494	304	118	446	302	255	7	265	89	201	194	69	309	146	55	237	209	426	14	190	32	329	363	388	220	182	98	33	138	441	93	446	153	477	448	237	85	393	144	419	116	53	131	81	84	97	434	316	99	204	419	394	122	188	268	76	234	211	
282	338	296	397	217	347	278	383	140	446	97	340	405	218	143	428	473	7	375	480	89	477	40	277	332	129	309	7	134	47	302	107	432	486	397	59	124	390	113	106	289	94	217	453	433	154	242	356	335	156	340	299	197	336	42	112	417	77	286	4	2	288	203	62	386	183	439	401	149	189	268	229	54	252	120	
412	179	154	80	317	494	51	429	27	266	462	423	474	252	490	476	55	94	81	295	157	312	233	472	133	410	370	224	92	348	403	415	198	198	9	348	78	276	351	220	8	6	497	320	252	55	450	395	364	81	217	200	35	276	314	378	44	14	334	122	143	239	166	137	291	92	433	331	397	337	76	54	281	496	325	
107	314	273	371	355	411	113	203	396	132	92	471	305	300	91	244	423	40	307	260	432	243	299	273	466	168	262	474	148	42	492	68	217	222	259	261	274	423	333	391	387	188	273	277	299	337	341	163	499	57	445	250	169	469	251	135	121	325	138	285	322	439	495	318	62	34	279	235	4	488	234	252	496	60	121	
485	362	499	413	281	313	353	434	481	142	397	173	368	327	325	246	337	442	396	130	159	458	492	91	25	374	27	223	307	96	121	435	175	51	347	67	408	430	256	225	166	336	16	30	483	239	451	112	338	125	155	157	62	351	58	493	399	99	333	164	147	3	277	245	45	376	70	497	243	142	211	120	325	121	228	
